8.601311618571382 -5.054724294498494 0
-6.107107481833432 -0.5037115600155492 0
-8.373824869283283 -8.134392573935017 0
1.6202068654803048 -3.9632855853863016 0
8.937325349635277 -4.177197012868866 0
2.840864460327117 4.448572912443503 1
-3.973096960126023 6.104573978357202 0
3.584953944040167 -6.4633258314156885 1
-12.57099555055408 0.5870257677156913 0
4.006062986542159 7.406783143232823 0
11.929697425648937 -4.951237357131902 1
-11.946542708006449 -2.9259128152639557 0
-4.034632725680485 9.79464446555713 1
-8.173996871903759 10.775682366420506 0
9.536328568565569 -0.6346272592694495 0
-2.5421216846245116 3.2284823907242557 1
4.021599009940787 7.346712982690068 0
4.1796205213743844 -5.8373102941805906 1
9.535066797005655 -1.477902812300467 0
8.937325349635277 -4.177197012868866 0
-8.382903332381254 5.502158619952785 1
-3.7401842509197705 -10.630578002326205 0
-6.260880110862636 0.8393562730756401 0
-1.8755216890093478 3.873235711666001 1
-1.2663627220072171 -10.968872660701193 0
-12.457558653331146 -0.4719930213272321 0
4.236566234350564 10.528206659675103 1
9.396607272433076 0.3837470321693261 0
-1.002999250195854 10.830898707482383 1
9.038314331606655 -3.8348702987549586 0
-3.299689364956527 1.2694581194264913 1
6.004304774538712 -2.942873895859859 1
8.218704937339373 3.8922536727798147 0
5.532070746597406 -4.079400266128149 1
9.857602916893757 6.631490313628788 1
1.272023564645213 1.8630477735158886 0
12.34217897618068 1.41246281232734 1
1.002999250195854 -10.830898707482383 0
12.376449397742812 0.999691592745043 1
3.0263906706888064 7.7340439863349735 0
9.972382464276585 6.5336433430896586 1
3.3637189082213563 -10.110561050496255 0
7.4625148724906705 8.919151796493917 1
-3.0263906706888064 -7.7340439863349735 1
11.970685998202187 2.8365983587201833 1
9.298298824444378 1.3345048771204648 0
1.4780524692152297 10.929867312306898 1
-3.0136150121335397 6.781132114332737 0
7.923597944577056 4.160011059414032 0
-10.014658897330499 8.707711765127714 0
-9.416397543696169 -0.4239454389623978 1
-8.52324221911049 5.286010588723888 1
11.45442698931565 4.159102689468999 1
-3.0375464441481483 -0.45565946471287916 1
9.5319106931132 -0.02930319264610906 0
-3.518713323955359 10.022380976962726 1
12.188849177732633 -4.11618900693408 1
-4.651656804891872 5.401245250276205 0
-9.362846872020956 -0.6881486584876285 1
-9.275333744436109 -1.2202142961240958 1
10.767766154583029 -7.534658856940253 1
0.9862199804204058 -7.713281098540928 1
2.2461484184404843 -10.524694347373186 0
-2.4711137452722096 7.158107075092211 0
-1.3422843538417522 -8.00446718792497 1
12.24267971291695 1.6283076117891007 1
-9.525767455296016 1.4948538301108527 1
-5.907862371184999 -9.805281268972392 0
-8.71684529070336 -7.857004108617702 0
6.586493266017667 -7.882807266703299 0
2.889616539402605 -10.270934589895983 0
-1.8492349880237315 -1.6775941628097053 1
4.236566234350564 10.528206659675103 1
-6.28103454019831 1.3865165434505016 0
12.376449397742812 0.999691592745043 1
-3.6906882289790937 6.328129541346571 0
-6.199060426720741 0.0007086620893408807 0
5.421252542037266 -4.312759209774801 1
-7.301822082554964 11.518284897803326 0
6.199382742977355 -8.236985435106938 0
-1.0603208180477512 4.371571367644942 1
-6.298460436616726 1.5641702210974144 0
-9.473418911428434 2.1043463194008516 1
-3.536905509500999 10.083856270953314 1
11.252474278023119 4.375568006635422 1
-5.462209490096016 -6.6893267596444375 1
-0.7338903770230688 -4.774043203749022 0
-5.753076619150783 -1.5488749612016386 0
6.260679352644948 -1.4334919483402346 1
-3.0375464441481483 -0.45565946471287916 1
-2.4715190267810834 -7.880905559362548 1
-0.25992796693847126 0.21063278488422948 0
10.682597045545693 5.4305921219351125 1
-1.0279775990320035 10.775780792759896 1
8.235623558477677 8.283437722307536 1
-11.472425644652054 -3.9999153952458326 0
-1.6202068654803048 3.9632855853863016 1
-9.474911464422188 1.814068895620489 1
2.9902824248841005 0.5026760533602834 0
-4.3256692506084695 5.810569408646026 0
-7.472867317101037 6.824425871797468 1
-9.226655513817441 3.428950649280813 1
-2.7419026320574638 -10.81369908039856 0
-10.899715837536007 -5.149488870325901 0
2.4547144109706256 1.3209098598859805 0
9.425353663153148 -1.9552555968404075 0
-3.0263906706888064 -7.7340439863349735 1
10.852619840788552 5.296714547986621 1
-0.5021123668965904 -11.001112061700905 0
2.906110983515613 10.770155427611652 1
1.4537146783808275 -7.511424389888629 1
-9.219920649701855 3.417030521571479 1
-6.086459169515552 8.41093219935901 1
9.622243290230987 6.91717097515151 1
12.075062943132288 2.2570896051737925 1
-11.23817841266778 -4.613253516230271 0
-0.649404328554481 -7.960281726711992 1
-10.244401110215602 8.301932556398757 0
-5.841520692638922 -9.906556312289373 0
0.4566684013455858 1.835508600510122 0
-9.487990719930984 -0.1632848645850687 1
5.523441991087121 6.62660996819574 0
6.973712182817938 9.278420436854391 1
5.701149177931038 -3.7747302837665453 1
11.847404971930182 3.268317491052778 1
3.274042804379113 -1.3448251342786637 0
-3.0906581174602525 6.699199868875704 0
-1.9675023955250215 -10.960064505483938 0
8.939113390520129 -4.284510789437313 0
-12.234109072979095 -2.0167760706740547 0
6.67160231119405 -7.8529946487286 0
-2.476091011107897 10.438415724177068 1
0.16081061196781546 -10.891754903280827 0
7.454792181525394 -7.0046097379715 0
-9.428789024851948 2.3683518350233643 1
-11.775977427775848 5.409148257006687 0
9.513455400021382 -1.9528415485356216 0
3.8496900357429373 3.7940977550905237 1
-12.457558653331146 -0.4719930213272321 0
3.0296671614813904 10.784777955968714 1
